1756547235687 0.006134969325153374 1
1756547246682 0.3067484662576687 50
1756547257730 0.6134969325153374 100
1756547268653 0.9202453987730062 150
1756547279675 1.2269938650306749 200
1756547290506 1.5337423312883436 250
1756547301596 1.8404907975460123 300
1756547312504 2.147239263803681 350
1756547323284 2.4539877300613497 400
1756547334187 2.7607361963190185 450
1756547345265 3.067484662576687 500
1756547358043 3.374233128834356 550
1756547368858 3.6809815950920246 600
1756547379739 3.9877300613496933 650
1756547381914 4.0 652
