1756547235687 2.3286702632904053 1
1756547246682 0.15279975533485413 50
1756547257730 0.048255812376737595 100
1756547268653 0.007634718436747789 150
1756547279675 0.01135802362114191 200
1756547290506 0.018797501921653748 250
1756547301596 0.011807414703071117 300
1756547312504 0.003694032784551382 350
1756547323284 0.009181187488138676 400
1756547334187 0.002796903485432267 450
1756547345265 0.006396367680281401 500
1756547358043 0.005194369237869978 550
1756547368858 0.004586025606840849 600
1756547379739 0.01863466203212738 650
