1756547235687 0.0 1
1756547246682 1.484848484848485e-05 50
1756547257730 1.8873720136518773e-05 100
1756547268653 1.7167235494880547e-05 150
1756547279675 1.546075085324232e-05 200
1756547290506 1.3754266211604097e-05 250
1756547301596 1.2047781569965871e-05 300
1756547312504 1.0341296928327647e-05 350
1756547323284 8.63481228668942e-06 400
1756547334187 6.928327645051195e-06 450
1756547345265 5.22184300341297e-06 500
1756547358043 3.5153583617747445e-06 550
1756547368858 1.808873720136519e-06 600
1756547379739 1.0238907849829352e-07 650
