1756546889937 0.006134969325153374 1
1756546902025 0.3067484662576687 50
1756546912680 0.6134969325153374 100
1756546923341 0.9202453987730062 150
1756546934142 1.2269938650306749 200
1756546944656 1.5337423312883436 250
1756546955517 1.8404907975460123 300
1756546966487 2.147239263803681 350
1756546977138 2.4539877300613497 400
1756546988425 2.7607361963190185 450
1756546999702 3.067484662576687 500
1756547014914 3.374233128834356 550
1756547025590 3.6809815950920246 600
1756547036247 3.9877300613496933 650
1756547039603 4.0 652
