1756546889937 3.279014825820923 1
1756546902025 0.18337397277355194 50
1756546912680 0.0074385181069374084 100
1756546923341 0.013972935266792774 150
1756546934142 0.011022154241800308 200
1756546944656 0.014050543308258057 250
1756546955517 0.007739564869552851 300
1756546966487 0.003554224269464612 350
1756546977138 0.00933603011071682 400
1756546988425 0.00334542291238904 450
1756546999702 0.014082505367696285 500
1756547014914 0.005113611463457346 550
1756547025590 0.003974168095737696 600
1756547036247 0.0024115298874676228 650
