1756546889937 0.0 1
1756546902025 1.484848484848485e-05 50
1756546912680 1.8873720136518773e-05 100
1756546923341 1.7167235494880547e-05 150
1756546934142 1.546075085324232e-05 200
1756546944656 1.3754266211604097e-05 250
1756546955517 1.2047781569965871e-05 300
1756546966487 1.0341296928327647e-05 350
1756546977138 8.63481228668942e-06 400
1756546988425 6.928327645051195e-06 450
1756546999702 5.22184300341297e-06 500
1756547014914 3.5153583617747445e-06 550
1756547025590 1.808873720136519e-06 600
1756547036247 1.0238907849829352e-07 650
