1756547065611 0.006134969325153374 1
1756547076124 0.3067484662576687 50
1756547086959 0.6134969325153374 100
1756547097785 0.9202453987730062 150
1756547108844 1.2269938650306749 200
1756547119689 1.5337423312883436 250
1756547130490 1.8404907975460123 300
1756547141247 2.147239263803681 350
1756547151823 2.4539877300613497 400
1756547162456 2.7607361963190185 450
1756547173223 3.067484662576687 500
1756547186840 3.374233128834356 550
1756547197577 3.6809815950920246 600
1756547209119 3.9877300613496933 650
1756547211589 4.0 652
