1756547065611 2.337716817855835 1
1756547076124 0.5894383192062378 50
1756547086959 0.030148178339004517 100
1756547097785 0.02039562724530697 150
1756547108844 0.00973840244114399 200
1756547119689 0.012147810310125351 250
1756547130490 0.016365647315979004 300
1756547141247 0.02954460121691227 350
1756547151823 0.02945193462073803 400
1756547162456 0.0065396795980632305 450
1756547173223 0.008790606632828712 500
1756547186840 0.010295022279024124 550
1756547197577 0.010366431437432766 600
1756547209119 0.008239799179136753 650
