1756547065611 0.0 1
1756547076124 1.484848484848485e-05 50
1756547086959 1.8873720136518773e-05 100
1756547097785 1.7167235494880547e-05 150
1756547108844 1.546075085324232e-05 200
1756547119689 1.3754266211604097e-05 250
1756547130490 1.2047781569965871e-05 300
1756547141247 1.0341296928327647e-05 350
1756547151823 8.63481228668942e-06 400
1756547162456 6.928327645051195e-06 450
1756547173223 5.22184300341297e-06 500
1756547186840 3.5153583617747445e-06 550
1756547197577 1.808873720136519e-06 600
1756547209119 1.0238907849829352e-07 650
